6.190034045187248549e-04 4.999999888241291046e-03
1.238006809037449710e-03 9.999999776482582092e-03
9.285051067780872823e-04 1.499999966472387314e-02
1.238006809037449710e-03 1.999999955296516418e-02
9.285051067780872823e-04 2.500000037252902985e-02
1.238006809037449710e-03 2.999999932944774628e-02
9.285051067780872823e-04 3.500000014901161194e-02
6.190034045187248549e-04 3.999999910593032837e-02
9.285051067780872823e-04 4.500000178813934326e-02
3.095017022593624274e-04 5.000000074505805969e-02
6.190034045187248549e-04 5.499999970197677612e-02
0.000000000000000000e+00 5.999999865889549255e-02
9.285051067780872823e-04 6.499999761581420898e-02
-6.190034045187248549e-04 7.000000029802322388e-02
6.190034045187248549e-04 7.500000298023223877e-02
6.190034045187248549e-04 7.999999821186065674e-02
9.285051067780872823e-04 8.500000089406967163e-02
3.095017022593624274e-04 9.000000357627868652e-02
9.285051067780872823e-04 9.499999880790710449e-02
6.190034045187248549e-04 1.000000014901161194e-01
6.190034045187248549e-04 1.049999967217445374e-01
3.095017022593624274e-04 1.099999994039535522e-01
3.095017022593624274e-04 1.150000020861625671e-01
6.190034045187248549e-04 1.199999973177909851e-01
6.190034045187248549e-04 1.250000000000000000e-01
6.190034045187248549e-04 1.299999952316284180e-01
3.095017022593624274e-04 1.350000053644180298e-01
1.238006809037449710e-03 1.400000005960464478e-01
6.190034045187248549e-04 1.449999958276748657e-01
9.285051067780872823e-04 1.500000059604644775e-01
3.095017022593624274e-04 1.550000011920928955e-01
6.190034045187248549e-04 1.599999964237213135e-01
6.190034045187248549e-04 1.650000065565109253e-01
9.285051067780872823e-04 1.700000017881393433e-01
3.095017022593624274e-04 1.749999970197677612e-01
9.285051067780872823e-04 1.800000071525573730e-01
6.190034045187248549e-04 1.850000023841857910e-01
9.285051067780872823e-04 1.899999976158142090e-01
9.285051067780872823e-04 1.949999928474426270e-01
6.190034045187248549e-04 2.000000029802322388e-01
6.190034045187248549e-04 2.049999982118606567e-01
9.285051067780872823e-04 2.099999934434890747e-01
6.190034045187248549e-04 2.150000035762786865e-01
6.190034045187248549e-04 2.199999988079071045e-01
6.190034045187248549e-04 2.249999940395355225e-01
9.285051067780872823e-04 2.300000041723251343e-01
6.190034045187248549e-04 2.349999994039535522e-01
0.000000000000000000e+00 2.399999946355819702e-01
6.190034045187248549e-04 2.450000047683715820e-01
-6.190034045187248549e-04 2.500000000000000000e-01
6.190034045187248549e-04 2.549999952316284180e-01
0.000000000000000000e+00 2.599999904632568359e-01
6.190034045187248549e-04 2.649999856948852539e-01
0.000000000000000000e+00 2.700000107288360596e-01
9.285051067780872823e-04 2.750000059604644775e-01
9.285051067780872823e-04 2.800000011920928955e-01
9.285051067780872823e-04 2.849999964237213135e-01
1.238006809037449710e-03 2.899999916553497314e-01
9.285051067780872823e-04 2.949999868869781494e-01
9.285051067780872823e-04 3.000000119209289551e-01
1.238006809037449710e-03 3.050000071525573730e-01
1.547508511296812137e-03 3.100000023841857910e-01
1.238006809037449710e-03 3.149999976158142090e-01
1.238006809037449710e-03 3.199999928474426270e-01
1.238006809037449710e-03 3.249999880790710449e-01
1.547508511296812137e-03 3.300000131130218506e-01
1.857010213556174565e-03 3.350000083446502686e-01
1.857010213556174565e-03 3.400000035762786865e-01
1.547508511296812137e-03 3.449999988079071045e-01
1.547508511296812137e-03 3.499999940395355225e-01
1.547508511296812137e-03 3.549999892711639404e-01
1.547508511296812137e-03 3.600000143051147461e-01
1.547508511296812137e-03 3.650000095367431641e-01
1.857010213556174565e-03 3.700000047683715820e-01
1.857010213556174565e-03 3.750000000000000000e-01
1.547508511296812137e-03 3.799999952316284180e-01
1.857010213556174565e-03 3.849999904632568359e-01
1.547508511296812137e-03 3.899999856948852539e-01
2.166511915815536992e-03 3.950000107288360596e-01
2.476013618074899419e-03 4.000000059604644775e-01
2.476013618074899419e-03 4.050000011920928955e-01
2.476013618074899419e-03 4.099999964237213135e-01
2.785515320334261847e-03 4.149999916553497314e-01
3.095017022593624274e-03 4.199999868869781494e-01
2.785515320334261847e-03 4.250000119209289551e-01
2.785515320334261847e-03 4.300000071525573730e-01
3.404518724852986702e-03 4.350000023841857910e-01
3.404518724852986702e-03 4.399999976158142090e-01
2.785515320334261847e-03 4.449999928474426270e-01
3.404518724852986702e-03 4.499999880790710449e-01
3.404518724852986702e-03 4.550000131130218506e-01
3.714020427112349129e-03 4.600000083446502686e-01
3.714020427112349129e-03 4.650000035762786865e-01
4.333023831631073984e-03 4.699999988079071045e-01
3.714020427112349129e-03 4.749999940395355225e-01
4.642525533890435978e-03 4.799999892711639404e-01
4.333023831631073984e-03 4.850000143051147461e-01
4.333023831631073984e-03 4.900000095367431641e-01
4.952027236149798839e-03 4.950000047683715820e-01
4.952027236149798839e-03 5.000000000000000000e-01
5.571030640668523694e-03 5.049999952316284180e-01
5.571030640668523694e-03 5.099999904632568359e-01
6.190034045187248549e-03 5.149999856948852539e-01
5.880532342927885688e-03 5.199999809265136719e-01
6.190034045187248549e-03 5.249999761581420898e-01
6.190034045187248549e-03 5.299999713897705078e-01
6.499535747446610542e-03 5.350000262260437012e-01
6.190034045187248549e-03 5.400000214576721191e-01
7.118539151965335397e-03 5.450000166893005371e-01
6.809037449705973404e-03 5.500000119209289551e-01
7.118539151965335397e-03 5.550000071525573730e-01
7.118539151965335397e-03 5.600000023841857910e-01
7.428040854224698258e-03 5.649999976158142090e-01
7.737542556484060252e-03 5.699999928474426270e-01
7.737542556484060252e-03 5.749999880790710449e-01
8.666047663262147968e-03 5.799999833106994629e-01
8.666047663262147968e-03 5.849999785423278809e-01
8.975549365521509962e-03 5.899999737739562988e-01
9.285051067780871956e-03 5.950000286102294922e-01
9.285051067780871956e-03 6.000000238418579102e-01
9.594552770040235684e-03 6.050000190734863281e-01
9.594552770040235684e-03 6.100000143051147461e-01
1.021355617455895967e-02 6.150000095367431641e-01
1.052305787681832167e-02 6.200000047683715820e-01
1.083255957907768539e-02 6.250000000000000000e-01
1.083255957907768539e-02 6.299999952316284180e-01
1.114206128133704739e-02 6.349999904632568359e-01
1.145156298359640938e-02 6.399999856948852539e-01
1.238006809037449710e-02 6.449999809265136719e-01
1.207056638811513510e-02 6.499999761581420898e-01
1.238006809037449710e-02 6.549999713897705078e-01
1.268956979263385909e-02 6.600000262260437012e-01
1.299907149489322108e-02 6.650000214576721191e-01
1.299907149489322108e-02 6.700000166893005371e-01
1.361807489941194681e-02 6.750000119209289551e-01
1.361807489941194681e-02 6.800000071525573730e-01
1.454658000619003452e-02 6.850000023841857910e-01
1.454658000619003452e-02 6.899999976158142090e-01
1.547508511296812050e-02 6.949999928474426270e-01
1.516558341070875851e-02 6.999999880790710449e-01
1.671309192200557195e-02 7.049999833106994629e-01
1.640359021974620995e-02 7.099999785423278809e-01
1.733209532652429594e-02 7.149999737739562988e-01
1.671309192200557195e-02 7.200000286102294922e-01
1.764159702878365793e-02 7.250000238418579102e-01
1.764159702878365793e-02 7.300000190734863281e-01
1.857010213556174391e-02 7.350000143051147461e-01
1.857010213556174391e-02 7.400000095367431641e-01
1.887960383782110937e-02 7.450000047683715820e-01
1.887960383782110937e-02 7.500000000000000000e-01
1.949860724233983336e-02 7.549999952316284180e-01
1.949860724233983336e-02 7.599999904632568359e-01
2.011761064685855735e-02 7.649999856948852539e-01
2.011761064685855735e-02 7.699999809265136719e-01
2.073661405137728134e-02 7.749999761581420898e-01
2.166511915815537079e-02 7.799999713897705078e-01
2.166511915815537079e-02 7.850000262260437012e-01
2.197462086041473278e-02 7.900000214576721191e-01
2.259362426493345677e-02 7.950000166893005371e-01
2.259362426493345677e-02 8.000000119209289551e-01
2.290312596719281876e-02 8.050000071525573730e-01
2.383163107397090821e-02 8.100000023841857910e-01
2.445063447848963220e-02 8.149999976158142090e-01
2.476013618074899419e-02 8.199999928474426270e-01
2.476013618074899419e-02 8.249999880790710449e-01
2.537913958526771818e-02 8.299999833106994629e-01
2.599814298978644217e-02 8.349999785423278809e-01
2.692664809656453162e-02 8.399999737739562988e-01
2.661714639430516963e-02 8.450000286102294922e-01
2.785515320334261760e-02 8.500000238418579102e-01
2.785515320334261760e-02 8.550000190734863281e-01
2.878365831012070705e-02 8.600000143051147461e-01
2.847415660786134159e-02 8.650000095367431641e-01
2.940266171463943104e-02 8.700000047683715820e-01
2.940266171463943104e-02 8.750000000000000000e-01
3.064066852367687901e-02 8.799999952316284180e-01
3.064066852367687901e-02 8.849999904632568359e-01
3.125967192819560647e-02 8.899999856948852539e-01
3.125967192819560647e-02 8.949999809265136719e-01
3.249767873723305445e-02 8.999999761581420898e-01
3.280718043949241991e-02 9.049999713897705078e-01
3.311668214175177843e-02 9.100000262260437012e-01
3.373568554627050242e-02 9.150000214576721191e-01
3.404518724852986788e-02 9.200000166893005371e-01
3.497369235530795734e-02 9.250000119209289551e-01
3.497369235530795734e-02 9.300000071525573730e-01
3.590219746208603985e-02 9.350000023841857910e-01
3.621169916434540531e-02 9.399999976158142090e-01
3.714020427112348782e-02 9.449999928474426270e-01
3.775920767564221875e-02 9.499999880790710449e-01
3.806870937790157727e-02 9.549999833106994629e-01
3.868771278242030126e-02 9.599999785423278809e-01
3.930671618693902525e-02 9.649999737739562988e-01
3.992571959145775617e-02 9.700000286102294922e-01
4.054472299597648016e-02 9.750000238418579102e-01
4.085422469823583869e-02 9.800000190734863281e-01
4.178272980501392814e-02 9.850000143051147461e-01
4.209223150727328666e-02 9.900000095367431641e-01
4.271123491179201759e-02 9.950000047683715820e-01
4.271123491179201759e-02 1.000000000000000000e+00
4.394924172082946556e-02 1.004999995231628418e+00
4.425874342308882409e-02 1.009999990463256836e+00
4.487774682760755501e-02 1.014999985694885254e+00
4.518724852986691354e-02 1.019999980926513672e+00
4.611575363664500299e-02 1.024999976158142090e+00
4.611575363664500299e-02 1.029999971389770508e+00
4.766326214794181643e-02 1.034999966621398926e+00
4.797276385020117495e-02 1.039999961853027344e+00
4.890126895697926440e-02 1.044999957084655762e+00
4.952027236149798839e-02 1.049999952316284180e+00
5.013927576601671238e-02 1.054999947547912598e+00
5.044877746827607784e-02 1.059999942779541016e+00
5.168678427731352581e-02 1.065000057220458984e+00
5.199628597957288434e-02 1.070000052452087402e+00
5.323429278861033925e-02 1.075000047683715820e+00
5.323429278861033925e-02 1.080000042915344238e+00
5.416279789538842176e-02 1.085000038146972656e+00
5.509130300216651122e-02 1.090000033378601074e+00
5.540080470442587668e-02 1.095000028610229492e+00
5.601980810894460067e-02 1.100000023841857910e+00
5.694831321572268318e-02 1.105000019073486328e+00
5.756731662024141410e-02 1.110000014305114746e+00
5.849582172701949662e-02 1.115000009536743164e+00
5.880532342927886208e-02 1.120000004768371582e+00
5.942432683379758607e-02 1.125000000000000000e+00
6.035283194057567552e-02 1.129999995231628418e+00
6.128133704735375803e-02 1.134999990463256836e+00
6.159083874961312349e-02 1.139999985694885254e+00
6.220984215413184748e-02 1.144999980926513672e+00
6.251934385639121294e-02 1.149999976158142090e+00
6.375735066542866092e-02 1.154999971389770508e+00
6.468585577220674343e-02 1.159999966621398926e+00
6.530485917672547436e-02 1.164999961853027344e+00
6.561436087898483982e-02 1.169999957084655762e+00
6.685236768802228779e-02 1.174999952316284180e+00
6.747137109254100484e-02 1.179999947547912598e+00
6.839987619931910123e-02 1.184999942779541016e+00
6.932838130609718374e-02 1.190000057220458984e+00
6.994738471061591467e-02 1.195000052452087402e+00
7.025688641287526626e-02 1.200000047683715820e+00
7.149489322191271423e-02 1.205000042915344238e+00
7.180439492417207969e-02 1.210000038146972656e+00
7.304240173320952767e-02 1.215000033378601074e+00
7.366140513772825860e-02 1.220000028610229492e+00
7.428040854224697565e-02 1.225000023841857910e+00
7.520891364902507203e-02 1.230000019073486328e+00
7.613741875580315455e-02 1.235000014305114746e+00
7.675642216032188547e-02 1.240000009536743164e+00
7.706592386258125094e-02 1.245000004768371582e+00
7.830393067161869891e-02 1.250000000000000000e+00
7.954193748065614689e-02 1.254999995231628418e+00
7.985143918291551235e-02 1.259999990463256836e+00
8.077994428969359486e-02 1.264999985694885254e+00
8.170844939647167737e-02 1.269999980926513672e+00
8.263695450324977376e-02 1.274999976158142090e+00
8.356545961002785627e-02 1.279999971389770508e+00
8.418446301454657332e-02 1.284999966621398926e+00
8.542246982358403518e-02 1.289999961853027344e+00
8.604147322810275222e-02 1.294999957084655762e+00
8.727948003714020020e-02 1.299999952316284180e+00
8.758898173939956566e-02 1.304999947547912598e+00
8.882698854843701364e-02 1.309999942779541016e+00
8.975549365521511003e-02 1.315000057220458984e+00
9.068399876199319254e-02 1.320000052452087402e+00
9.099350046425255800e-02 1.325000047683715820e+00
9.192200557103064051e-02 1.330000042915344238e+00
9.285051067780872303e-02 1.335000038146972656e+00
9.377901578458681942e-02 1.340000033378601074e+00
9.501702259362426739e-02 1.345000028610229492e+00
9.532652429588363285e-02 1.350000023841857910e+00
9.687403280718044629e-02 1.355000019073486328e+00
9.718353450943979788e-02 1.360000014305114746e+00
9.873104302073661132e-02 1.365000009536743164e+00
9.904054472299597678e-02 1.370000004768371582e+00
9.996904982977405929e-02 1.375000000000000000e+00
1.008975549365521557e-01 1.379999995231628418e+00
1.018260600433302382e-01 1.384999990463256836e+00
1.027545651501083207e-01 1.389999985694885254e+00
1.036830702568864171e-01 1.394999980926513672e+00
1.049210770659238651e-01 1.399999976158142090e+00
1.055400804704425821e-01 1.404999971389770508e+00
1.067780872794800440e-01 1.409999966621398926e+00
1.073970906839987610e-01 1.414999961853027344e+00
1.083255957907768435e-01 1.419999957084655762e+00
1.092541008975549399e-01 1.424999952316284180e+00
1.101826060043330224e-01 1.429999947547912598e+00
1.114206128133704704e-01 1.434999942779541016e+00
1.123491179201485668e-01 1.440000057220458984e+00
1.132776230269266493e-01 1.445000052452087402e+00
1.138966264314453664e-01 1.450000047683715820e+00
1.154441349427421798e-01 1.455000042915344238e+00
1.160631383472609107e-01 1.460000038146972656e+00
1.173011451562983587e-01 1.465000033378601074e+00
1.182296502630764412e-01 1.470000028610229492e+00
1.188486536675951721e-01 1.475000023841857910e+00
1.203961621788919856e-01 1.480000019073486328e+00
1.216341689879294335e-01 1.485000014305114746e+00
1.225626740947075161e-01 1.490000009536743164e+00
1.241101826060043295e-01 1.495000004768371582e+00
1.247291860105230604e-01 1.500000000000000000e+00
1.259671928195605084e-01 1.504999995231628418e+00
1.268956979263385909e-01 1.509999990463256836e+00
1.278242030331166734e-01 1.514999985694885254e+00
1.284432064376354043e-01 1.519999980926513672e+00
1.303002166511915694e-01 1.524999976158142090e+00
1.315382234602290312e-01 1.529999971389770508e+00
1.318477251624883828e-01 1.534999966621398926e+00
1.330857319715258447e-01 1.539999961853027344e+00
1.337047353760445756e-01 1.544999957084655762e+00
1.352522438873413890e-01 1.549999952316284180e+00
1.358712472918600922e-01 1.554999947547912598e+00
1.371092541008975541e-01 1.559999942779541016e+00
1.383472609099350159e-01 1.565000057220458984e+00
1.392757660167130984e-01 1.570000052452087402e+00
1.402042711234911809e-01 1.575000047683715820e+00
1.411327762302692634e-01 1.580000042915344238e+00
1.426802847415660769e-01 1.585000038146972656e+00
1.436087898483441594e-01 1.590000033378601074e+00
1.445372949551222419e-01 1.595000028610229492e+00
1.454658000619003522e-01 1.600000023841857910e+00
1.467038068709377863e-01 1.605000019073486328e+00
1.479418136799752481e-01 1.610000014305114746e+00
1.494893221912720616e-01 1.615000009536743164e+00
1.504178272980501441e-01 1.620000004768371582e+00
1.510368307025688750e-01 1.625000000000000000e+00
1.525843392138656884e-01 1.629999995231628418e+00
1.535128443206437709e-01 1.634999990463256836e+00
1.547508511296812050e-01 1.639999985694885254e+00
1.556793562364592876e-01 1.644999980926513672e+00
1.575363664500154803e-01 1.649999976158142090e+00
1.581553698545342113e-01 1.654999971389770508e+00
1.593933766635716454e-01 1.659999966621398926e+00
1.600123800680903763e-01 1.664999961853027344e+00
1.618693902816465413e-01 1.669999957084655762e+00
1.627978953884246238e-01 1.674999952316284180e+00
1.649644073042401682e-01 1.679999947547912598e+00
1.649644073042401682e-01 1.684999942779541016e+00
1.665119158155369816e-01 1.690000057220458984e+00
1.677499226245744435e-01 1.695000052452087402e+00
1.696069328381306085e-01 1.700000047683715820e+00
1.702259362426493394e-01 1.705000042915344238e+00
1.711544413494274219e-01 1.710000038146972656e+00
1.727019498607242354e-01 1.715000033378601074e+00
1.736304549675023179e-01 1.720000028610229492e+00
1.751779634787991313e-01 1.725000023841857910e+00
1.757969668833178623e-01 1.730000019073486328e+00
1.773444753946146757e-01 1.735000014305114746e+00
1.788919839059114891e-01 1.740000009536743164e+00
1.795109873104302201e-01 1.745000004768371582e+00
1.810584958217270057e-01 1.750000000000000000e+00
1.816774992262457367e-01 1.754999995231628418e+00
1.835345094398019294e-01 1.759999990463256836e+00
1.844630145465800120e-01 1.764999985694885254e+00
1.863200247601361770e-01 1.769999980926513672e+00
1.866295264623955563e-01 1.774999976158142090e+00
1.881770349736923420e-01 1.779999971389770508e+00
1.900340451872485348e-01 1.784999966621398926e+00
1.909625502940266173e-01 1.789999961853027344e+00
1.922005571030640791e-01 1.794999957084655762e+00
1.934385639121015132e-01 1.799999952316284180e+00
1.943670690188795958e-01 1.804999947547912598e+00
1.962240792324357885e-01 1.809999942779541016e+00
1.971525843392138710e-01 1.815000057220458984e+00
1.983905911482513051e-01 1.820000052452087402e+00
1.996285979572887670e-01 1.825000047683715820e+00
2.005571030640668495e-01 1.830000042915344238e+00
2.021046115753636629e-01 1.835000038146972656e+00
2.036521200866604764e-01 1.840000033378601074e+00
2.045806251934385589e-01 1.845000028610229492e+00
2.055091303002166414e-01 1.850000023841857910e+00
2.073661405137728342e-01 1.855000019073486328e+00
2.086041473228102683e-01 1.860000014305114746e+00
2.098421541318477301e-01 1.865000009536743164e+00
2.113896626431445436e-01 1.870000004768371582e+00
2.123181677499226261e-01 1.875000000000000000e+00
2.138656762612194395e-01 1.879999995231628418e+00
2.151036830702568736e-01 1.884999990463256836e+00
2.166511915815536871e-01 1.889999985694885254e+00
2.178891983905911489e-01 1.894999980926513672e+00
2.191272051996286108e-01 1.899999976158142090e+00
2.206747137109253964e-01 1.904999971389770508e+00
2.216032188177035067e-01 1.909999966621398926e+00
2.234602290312596717e-01 1.914999961853027344e+00
2.246982358402971336e-01 1.919999957084655762e+00
2.259362426493345677e-01 1.924999952316284180e+00
2.274837511606313811e-01 1.929999947547912598e+00
2.284122562674094636e-01 1.934999942779541016e+00
2.299597647787062771e-01 1.940000057220458984e+00
2.308882698854843596e-01 1.945000052452087402e+00
2.324357783967811730e-01 1.950000047683715820e+00
2.339832869080779865e-01 1.955000042915344238e+00
2.352212937171154483e-01 1.960000038146972656e+00
2.364593005261528824e-01 1.965000033378601074e+00
2.380068090374496959e-01 1.970000028610229492e+00
2.395543175487465093e-01 1.975000023841857910e+00
2.407923243577839711e-01 1.980000019073486328e+00
2.426493345713401362e-01 1.985000014305114746e+00
2.432683379758588671e-01 1.990000009536743164e+00
2.451253481894150321e-01 1.995000004768371582e+00
2.460538532961931424e-01 2.000000000000000000e+00
2.482203652120086590e-01 2.005000114440917969e+00
2.491488703187867415e-01 2.009999990463256836e+00
2.506963788300835549e-01 2.015000104904174805e+00
2.513153822346023136e-01 2.019999980926513672e+00
2.531723924481584787e-01 2.025000095367431641e+00
2.544103992571959405e-01 2.029999971389770508e+00
2.553389043639739953e-01 2.035000085830688477e+00
2.568864128752708087e-01 2.039999961853027344e+00
2.587434230888269737e-01 2.045000076293945312e+00
2.602909316001237872e-01 2.049999952316284180e+00
2.612194367069018974e-01 2.055000066757202148e+00
2.633859486227174140e-01 2.059999942779541016e+00
2.643144537294955243e-01 2.065000057220458984e+00
2.661714639430516893e-01 2.069999933242797852e+00
2.667904673475703925e-01 2.075000047683715820e+00
2.689569792633859646e-01 2.079999923706054688e+00
2.701949860724233710e-01 2.085000038146972656e+00
2.717424945837201844e-01 2.089999914169311523e+00
2.723614979882389431e-01 2.095000028610229492e+00
2.748375116063138113e-01 2.099999904632568359e+00
2.763850201176106247e-01 2.105000019073486328e+00
2.776230269266480866e-01 2.109999895095825195e+00
2.788610337356855484e-01 2.115000009536743164e+00
2.800990405447230103e-01 2.119999885559082031e+00
2.816465490560198237e-01 2.125000000000000000e+00
2.831940575673166371e-01 2.130000114440917969e+00
2.847415660786134506e-01 2.134999990463256836e+00
2.859795728876508569e-01 2.140000104904174805e+00
2.872175796966883188e-01 2.144999980926513672e+00
2.887650882079851322e-01 2.150000095367431641e+00
2.909316001238007043e-01 2.154999971389770508e+00
2.921696069328381107e-01 2.160000085830688477e+00
2.934076137418755725e-01 2.164999961853027344e+00
2.952646239554317376e-01 2.170000076293945312e+00
2.961931290622098478e-01 2.174999952316284180e+00
2.983596409780253644e-01 2.180000066757202148e+00
2.992881460848034747e-01 2.184999942779541016e+00
3.011451562983596397e-01 2.190000057220458984e+00
3.026926648096564532e-01 2.194999933242797852e+00
3.036211699164345634e-01 2.200000047683715820e+00
3.051686784277313769e-01 2.204999923706054688e+00
3.067161869390281903e-01 2.210000038146972656e+00
3.085731971525843553e-01 2.214999914169311523e+00
3.098112039616217617e-01 2.220000028610229492e+00
3.113587124729185751e-01 2.224999904632568359e+00
3.129062209842153885e-01 2.230000019073486328e+00
3.150727329000309607e-01 2.234999895095825195e+00
3.160012380068090154e-01 2.240000009536743164e+00
3.178582482203652360e-01 2.244999885559082031e+00
3.187867533271432907e-01 2.250000000000000000e+00
3.209532652429588628e-01 2.255000114440917969e+00
3.218817703497369176e-01 2.259999990463256836e+00
3.240482822655524342e-01 2.265000104904174805e+00
3.249767873723305445e-01 2.269999980926513672e+00
3.268337975858867095e-01 2.275000095367431641e+00
3.280718043949241713e-01 2.279999971389770508e+00
3.296193129062209848e-01 2.285000085830688477e+00
3.314763231197771498e-01 2.289999961853027344e+00
3.330238316310739632e-01 2.295000076293945312e+00
3.345713401423707767e-01 2.299999952316284180e+00
3.358093469514082385e-01 2.305000066757202148e+00
3.373568554627050520e-01 2.309999942779541016e+00
3.395233673785205686e-01 2.315000057220458984e+00
3.404518724852986788e-01 2.319999933242797852e+00
3.423088826988548439e-01 2.325000047683715820e+00
3.435468895078923057e-01 2.329999923706054688e+00
3.447848963169297676e-01 2.335000038146972656e+00
3.466419065304859326e-01 2.339999914169311523e+00
3.484989167440420976e-01 2.345000028610229492e+00
3.494274218508201524e-01 2.349999904632568359e+00
3.509749303621169658e-01 2.355000019073486328e+00
3.522129371711544277e-01 2.359999895095825195e+00
3.546889507892293514e-01 2.365000009536743164e+00
3.556174558960074061e-01 2.369999885559082031e+00
3.574744661095636267e-01 2.375000000000000000e+00
3.584029712163416814e-01 2.380000114440917969e+00
3.605694831321572535e-01 2.384999990463256836e+00
3.611884865366759567e-01 2.390000104904174805e+00
3.639740018570102320e-01 2.394999980926513672e+00
3.645930052615289352e-01 2.400000095367431641e+00
3.670690188796038589e-01 2.404999971389770508e+00
3.679975239863819136e-01 2.410000085830688477e+00
3.698545341999380787e-01 2.414999961853027344e+00
3.717115444134942992e-01 2.420000076293945312e+00
3.735685546270504642e-01 2.424999952316284180e+00
3.744970597338285190e-01 2.430000066757202148e+00
3.760445682451253324e-01 2.434999942779541016e+00
3.779015784586814974e-01 2.440000057220458984e+00
3.782110801609409045e-01 2.444999933242797852e+00
3.813060971835345314e-01 2.450000047683715820e+00
3.822346022903125862e-01 2.454999923706054688e+00
3.844011142061281583e-01 2.460000038146972656e+00
3.847106159083875099e-01 2.464999914169311523e+00
3.874961312287217852e-01 2.470000028610229492e+00
3.884246363354998399e-01 2.474999904632568359e+00
3.902816465490560049e-01 2.480000019073486328e+00
3.921386567626121700e-01 2.484999895095825195e+00
3.936861652739089834e-01 2.490000009536743164e+00
3.952336737852057968e-01 2.494999885559082031e+00
3.967811822965026103e-01 2.500000000000000000e+00
3.992571959145775340e-01 2.505000114440917969e+00
4.001857010213556443e-01 2.509999990463256836e+00
4.020427112349118093e-01 2.515000104904174805e+00
4.038997214484679743e-01 2.519999980926513672e+00
4.054472299597647877e-01 2.525000095367431641e+00
4.063757350665428425e-01 2.529999971389770508e+00
4.085422469823584146e-01 2.535000085830688477e+00
4.100897554936552281e-01 2.539999961853027344e+00
4.119467657072113931e-01 2.545000076293945312e+00
4.131847725162488549e-01 2.549999952316284180e+00
4.147322810275456684e-01 2.555000066757202148e+00
4.162797895388424818e-01 2.559999942779541016e+00
4.175177963478798882e-01 2.565000057220458984e+00
4.196843082636954603e-01 2.569999933242797852e+00
4.209223150727329221e-01 2.575000047683715820e+00
4.227793252862890871e-01 2.579999923706054688e+00
4.240173320953265490e-01 2.585000038146972656e+00
4.255648406066233624e-01 2.589999914169311523e+00
4.277313525224388790e-01 2.595000028610229492e+00
4.289693593314763409e-01 2.599999904632568359e+00
4.311358712472918575e-01 2.605000019073486328e+00
4.320643763540699678e-01 2.609999895095825195e+00
4.342308882698854844e-01 2.615000009536743164e+00
4.360878984834416494e-01 2.619999885559082031e+00
4.370164035902197597e-01 2.625000000000000000e+00
4.391829155060352763e-01 2.630000114440917969e+00
4.404209223150727381e-01 2.634999990463256836e+00
4.413494274218507929e-01 2.640000104904174805e+00
4.441349427421850682e-01 2.644999980926513672e+00
4.450634478489631785e-01 2.650000095367431641e+00
4.466109563602599919e-01 2.654999971389770508e+00
4.484679665738161569e-01 2.660000085830688477e+00
4.503249767873723219e-01 2.664999961853027344e+00
4.521819870009284870e-01 2.670000076293945312e+00
4.537294955122253004e-01 2.674999952316284180e+00
4.549675023212627623e-01 2.680000066757202148e+00
4.568245125348189273e-01 2.684999942779541016e+00
4.583720210461157407e-01 2.690000057220458984e+00
4.602290312596719057e-01 2.694999933242797852e+00
4.617765397709687192e-01 2.700000047683715820e+00
4.636335499845249397e-01 2.704999923706054688e+00
4.648715567935623461e-01 2.710000038146972656e+00
4.673475704116372698e-01 2.714999914169311523e+00
4.685855772206747316e-01 2.720000028610229492e+00
4.704425874342308966e-01 2.724999904632568359e+00
4.713710925410089514e-01 2.730000019073486328e+00
4.735376044568245235e-01 2.734999895095825195e+00
4.747756112658619854e-01 2.740000009536743164e+00
4.769421231816775020e-01 2.744999885559082031e+00
4.781801299907149638e-01 2.750000000000000000e+00
4.800371402042711289e-01 2.755000114440917969e+00
4.809656453110491836e-01 2.759999990463256836e+00
4.834416589291241073e-01 2.765000104904174805e+00
4.846796657381615692e-01 2.769999980926513672e+00
4.865366759517177342e-01 2.775000095367431641e+00
4.877746827607551960e-01 2.779999971389770508e+00
4.896316929743113611e-01 2.785000085830688477e+00
4.905601980810894713e-01 2.789999961853027344e+00
4.930362116991643395e-01 2.795000076293945312e+00
4.942742185082018014e-01 2.799999952316284180e+00
4.964407304240173180e-01 2.805000066757202148e+00
4.979882389353141314e-01 2.809999942779541016e+00
4.998452491488702965e-01 2.815000057220458984e+00
5.010832559579078138e-01 2.819999933242797852e+00
5.026307644692046273e-01 2.825000047683715820e+00
5.038687712782420336e-01 2.829999923706054688e+00
5.057257814917982541e-01 2.835000038146972656e+00
5.078922934076137707e-01 2.839999914169311523e+00
5.097493036211698803e-01 2.845000028610229492e+00
5.103683070256886944e-01 2.849999904632568359e+00
5.125348189415042111e-01 2.855000019073486328e+00
5.140823274528010245e-01 2.859999895095825195e+00
5.153203342618384308e-01 2.865000009536743164e+00
5.171773444753946514e-01 2.869999885559082031e+00
5.190343546889507609e-01 2.875000000000000000e+00
5.205818632002475743e-01 2.880000114440917969e+00
5.218198700092850917e-01 2.884999990463256836e+00
5.239863819251006083e-01 2.890000104904174805e+00
5.252243887341380146e-01 2.894999980926513672e+00
5.270813989476942352e-01 2.900000095367431641e+00
5.286289074589910486e-01 2.904999971389770508e+00
5.304859176725471581e-01 2.910000085830688477e+00
5.320334261838439716e-01 2.914999961853027344e+00
5.338904363974001921e-01 2.920000076293945312e+00
5.348189415041783024e-01 2.924999952316284180e+00
5.369854534199938190e-01 2.930000066757202148e+00
5.385329619312906324e-01 2.934999942779541016e+00
5.403899721448467419e-01 2.940000057220458984e+00
5.416279789538842593e-01 2.944999933242797852e+00
5.431754874651810727e-01 2.950000047683715820e+00
5.450324976787371822e-01 2.954999923706054688e+00
5.465800061900339957e-01 2.960000038146972656e+00
5.481275147013308091e-01 2.964999914169311523e+00
5.496750232126276225e-01 2.970000028610229492e+00
5.512225317239244360e-01 2.974999904632568359e+00
5.524605385329619534e-01 2.980000019073486328e+00
5.549365521510368771e-01 2.984999895095825195e+00
5.564840606623336905e-01 2.990000009536743164e+00
5.580315691736305039e-01 2.994999885559082031e+00
5.592695759826679103e-01 3.000000000000000000e+00
5.614360878984834269e-01 3.005000114440917969e+00
5.626740947075209442e-01 3.009999990463256836e+00
5.642216032188177577e-01 3.015000104904174805e+00
5.657691117301145711e-01 3.019999980926513672e+00
5.676261219436706806e-01 3.025000095367431641e+00
5.694831321572269012e-01 3.029999971389770508e+00
5.704116372640049004e-01 3.035000085830688477e+00
5.722686474775611210e-01 3.039999961853027344e+00
5.738161559888579344e-01 3.045000076293945312e+00
5.759826679046734510e-01 3.049999952316284180e+00
5.769111730114515613e-01 3.055000066757202148e+00
5.781491798204889676e-01 3.059999942779541016e+00
5.806251934385638913e-01 3.065000057220458984e+00
5.824822036521201118e-01 3.069999933242797852e+00
5.837202104611575182e-01 3.075000047683715820e+00
5.852677189724543316e-01 3.079999923706054688e+00
5.858867223769730348e-01 3.085000038146972656e+00
5.883627359950479585e-01 3.089999914169311523e+00
5.899102445063447719e-01 3.095000028610229492e+00
5.923862581244196956e-01 3.099999904632568359e+00
5.939337666357165091e-01 3.105000019073486328e+00
5.945527700402352123e-01 3.109999895095825195e+00
5.976477870628288391e-01 3.115000009536743164e+00
5.995047972763850597e-01 3.119999885559082031e+00
6.007428040854224660e-01 3.125000000000000000e+00
6.022903125967192794e-01 3.130000114440917969e+00
6.038378211080160929e-01 3.134999990463256836e+00
6.060043330238316095e-01 3.140000104904174805e+00
6.069328381306097198e-01 3.144999980926513672e+00
6.084803466419065332e-01 3.150000095367431641e+00
6.100278551532033466e-01 3.154999971389770508e+00
6.115753636645001601e-01 3.160000085830688477e+00
6.128133704735375664e-01 3.164999961853027344e+00
6.152893840916124901e-01 3.170000076293945312e+00
6.159083874961311933e-01 3.174999952316284180e+00
6.174558960074280067e-01 3.180000066757202148e+00
6.193129062209842273e-01 3.184999942779541016e+00
6.205509130300216336e-01 3.190000057220458984e+00
6.224079232435778541e-01 3.194999933242797852e+00
6.242649334571339637e-01 3.200000047683715820e+00
6.251934385639120739e-01 3.204999923706054688e+00
6.267409470752088874e-01 3.210000038146972656e+00
6.292169606932838111e-01 3.214999914169311523e+00
6.304549675023212174e-01 3.220000028610229492e+00
6.316929743113587348e-01 3.224999904632568359e+00
6.329309811203961411e-01 3.230000019073486328e+00
6.347879913339523617e-01 3.234999895095825195e+00
6.369545032497678783e-01 3.240000009536743164e+00
6.378830083565459885e-01 3.244999885559082031e+00
6.397400185701020980e-01 3.250000000000000000e+00
6.412875270813989115e-01 3.255000114440917969e+00
6.425255338904364288e-01 3.259999990463256836e+00
6.437635406994738352e-01 3.265000104904174805e+00
6.459300526152893518e-01 3.269999980926513672e+00
6.471680594243268692e-01 3.275000095367431641e+00
6.487155679356236826e-01 3.279999971389770508e+00
6.502630764469204960e-01 3.285000085830688477e+00
6.515010832559579024e-01 3.289999961853027344e+00
6.536675951717734190e-01 3.295000076293945312e+00
6.552151036830702324e-01 3.299999952316284180e+00
6.564531104921077498e-01 3.305000066757202148e+00
6.576911173011451561e-01 3.309999942779541016e+00
6.589291241101825625e-01 3.315000057220458984e+00
6.614051377282574862e-01 3.319999933242797852e+00
6.626431445372950035e-01 3.325000047683715820e+00
6.648096564531105201e-01 3.329999923706054688e+00
6.651191581553698162e-01 3.335000038146972656e+00
6.666666666666666297e-01 3.339999914169311523e+00
6.688331785824822573e-01 3.345000028610229492e+00
6.706901887960383668e-01 3.349999904632568359e+00
6.716186939028164771e-01 3.355000019073486328e+00
6.737852058186319937e-01 3.359999895095825195e+00
6.744042092231506969e-01 3.365000009536743164e+00
6.768802228412256206e-01 3.369999885559082031e+00
6.781182296502630269e-01 3.375000000000000000e+00
6.790467347570411372e-01 3.380000114440917969e+00
6.805942432683379506e-01 3.384999990463256836e+00
6.821417517796347640e-01 3.390000104904174805e+00
6.833797585886722814e-01 3.394999980926513672e+00
6.855462705044877980e-01 3.400000095367431641e+00
6.867842773135252044e-01 3.404999971389770508e+00
6.886412875270814249e-01 3.410000085830688477e+00
6.895697926338595352e-01 3.414999961853027344e+00
6.914268028474156447e-01 3.420000076293945312e+00
6.932838130609718652e-01 3.424999952316284180e+00
6.945218198700092715e-01 3.430000066757202148e+00
6.960693283813060850e-01 3.434999942779541016e+00
6.973073351903436023e-01 3.440000057220458984e+00
6.985453419993810087e-01 3.444999933242797852e+00
7.004023522129371182e-01 3.450000047683715820e+00
7.022593624264933387e-01 3.454999923706054688e+00
7.031878675332714490e-01 3.460000038146972656e+00
7.047353760445682624e-01 3.464999914169311523e+00
7.065923862581243720e-01 3.470000028610229492e+00
7.072113896626431861e-01 3.474999904632568359e+00
7.093779015784587028e-01 3.480000019073486328e+00
7.112349117920148123e-01 3.484999895095825195e+00
7.124729186010523296e-01 3.490000009536743164e+00
7.137109254100897360e-01 3.494999885559082031e+00
7.152584339213865494e-01 3.500000000000000000e+00
7.174249458372020660e-01 3.505000114440917969e+00
7.183534509439801763e-01 3.509999990463256836e+00
7.195914577530176937e-01 3.515000104904174805e+00
7.214484679665738032e-01 3.519999980926513672e+00
7.229959764778706166e-01 3.525000095367431641e+00
7.242339832869080229e-01 3.529999971389770508e+00
7.260909935004642435e-01 3.535000085830688477e+00
7.273290003095016498e-01 3.539999961853027344e+00
7.285670071185391672e-01 3.545000076293945312e+00
7.301145156298359806e-01 3.549999952316284180e+00
7.319715258433920901e-01 3.555000066757202148e+00
7.332095326524296075e-01 3.559999942779541016e+00
7.347570411637264209e-01 3.565000057220458984e+00
7.359950479727638273e-01 3.569999933242797852e+00
7.369235530795419375e-01 3.575000047683715820e+00
7.390900649953574542e-01 3.579999923706054688e+00
7.400185701021355644e-01 3.585000038146972656e+00
7.418755803156917850e-01 3.589999914169311523e+00
7.428040854224697842e-01 3.595000028610229492e+00
7.446610956360260047e-01 3.599999904632568359e+00
7.458991024450634111e-01 3.605000019073486328e+00
7.474466109563602245e-01 3.609999895095825195e+00
7.483751160631383348e-01 3.615000009536743164e+00
7.505416279789538514e-01 3.619999885559082031e+00
7.517796347879913688e-01 3.625000000000000000e+00
7.530176415970287751e-01 3.630000114440917969e+00
7.539461467038068854e-01 3.634999990463256836e+00
7.551841535128442917e-01 3.640000104904174805e+00
7.561126586196224020e-01 3.644999980926513672e+00
7.582791705354379186e-01 3.650000095367431641e+00
7.595171773444754360e-01 3.654999971389770508e+00
7.607551841535128423e-01 3.660000085830688477e+00
7.616836892602909526e-01 3.664999961853027344e+00
7.632311977715877660e-01 3.670000076293945312e+00
7.647787062828845794e-01 3.674999952316284180e+00
7.660167130919219858e-01 3.680000066757202148e+00
7.681832250077375024e-01 3.684999942779541016e+00
7.691117301145156127e-01 3.690000057220458984e+00
7.706592386258124261e-01 3.694999933242797852e+00
7.715877437325905364e-01 3.700000047683715820e+00
7.737542556484060530e-01 3.704999923706054688e+00
7.749922624574435703e-01 3.710000038146972656e+00
7.759207675642215696e-01 3.714999914169311523e+00
7.777777777777777901e-01 3.720000028610229492e+00
7.790157845868151965e-01 3.724999904632568359e+00
7.802537913958527138e-01 3.730000019073486328e+00
7.811822965026307131e-01 3.734999895095825195e+00
7.830393067161869336e-01 3.740000009536743164e+00
7.842773135252243399e-01 3.744999885559082031e+00
7.855153203342618573e-01 3.750000000000000000e+00
7.861343237387805605e-01 3.755000114440917969e+00
7.873723305478179668e-01 3.759999990463256836e+00
7.892293407613741874e-01 3.765000104904174805e+00
7.907768492726710008e-01 3.769999980926513672e+00
7.917053543794491111e-01 3.775000095367431641e+00
7.929433611884865174e-01 3.779999971389770508e+00
7.944908696997833308e-01 3.785000085830688477e+00
7.954193748065614411e-01 3.789999961853027344e+00
7.963478799133395514e-01 3.795000076293945312e+00
7.972763850201176616e-01 3.799999952316284180e+00
8.000619003404518814e-01 3.805000066757202148e+00
8.006809037449705846e-01 3.809999942779541016e+00
8.019189105540081020e-01 3.815000057220458984e+00
8.031569173630455083e-01 3.819999933242797852e+00
8.043949241720829146e-01 3.825000047683715820e+00
8.065614360878984312e-01 3.829999923706054688e+00
8.068709377901578383e-01 3.835000038146972656e+00
8.077994428969359486e-01 3.839999914169311523e+00
8.087279480037140589e-01 3.845000028610229492e+00
8.108944599195295755e-01 3.849999904632568359e+00
8.115134633240482787e-01 3.855000019073486328e+00
8.127514701330856850e-01 3.859999895095825195e+00
8.133704735376044992e-01 3.865000009536743164e+00
8.155369854534200158e-01 3.869999885559082031e+00
8.164654905601981261e-01 3.875000000000000000e+00
8.173939956669761253e-01 3.880000114440917969e+00
8.192510058805323458e-01 3.884999990463256836e+00
8.201795109873104561e-01 3.890000104904174805e+00
8.214175177963478625e-01 3.894999980926513672e+00
8.229650263076446759e-01 3.900000095367431641e+00
8.238935314144227862e-01 3.904999971389770508e+00
8.251315382234601925e-01 3.910000085830688477e+00
8.257505416279790067e-01 3.914999961853027344e+00
8.276075518415351162e-01 3.920000076293945312e+00
8.282265552460538194e-01 3.924999952316284180e+00
8.300835654596100399e-01 3.930000066757202148e+00
8.310120705663881502e-01 3.934999942779541016e+00
8.322500773754255565e-01 3.940000057220458984e+00
8.331785824822036668e-01 3.944999933242797852e+00
8.344165892912410731e-01 3.950000047683715820e+00
8.353450943980191834e-01 3.954999923706054688e+00
8.365831012070565897e-01 3.960000038146972656e+00
8.381306097183534032e-01 3.964999914169311523e+00
8.390591148251315134e-01 3.970000028610229492e+00
8.406066233364283269e-01 3.974999904632568359e+00
8.421541318477251403e-01 3.980000019073486328e+00
8.427731352522438435e-01 3.984999895095825195e+00
8.440111420612813609e-01 3.990000009536743164e+00
8.455586505725781743e-01 3.994999885559082031e+00
8.467966573816155806e-01 4.000000000000000000e+00
8.474156607861342838e-01 4.005000114440917969e+00
8.486536675951718012e-01 4.010000228881835938e+00
8.498916744042092075e-01 4.014999866485595703e+00
8.505106778087279107e-01 4.019999980926513672e+00
8.514391829155060210e-01 4.025000095367431641e+00
8.526771897245435383e-01 4.030000209808349609e+00
8.542246982358403518e-01 4.034999847412109375e+00
8.548437016403590549e-01 4.039999961853027344e+00
8.560817084493964613e-01 4.045000076293945312e+00
8.567007118539151644e-01 4.050000190734863281e+00
8.579387186629526818e-01 4.054999828338623047e+00
8.585577220674713850e-01 4.059999942779541016e+00
8.601052305787681984e-01 4.065000057220458984e+00
8.607242339832869016e-01 4.070000171661376953e+00
8.622717424945837150e-01 4.074999809265136719e+00
8.635097493036211214e-01 4.079999923706054688e+00
8.650572578149179348e-01 4.085000038146972656e+00
8.650572578149179348e-01 4.090000152587890625e+00
8.672237697307335624e-01 4.094999790191650391e+00
8.681522748375115617e-01 4.099999904632568359e+00
8.690807799442896719e-01 4.105000019073486328e+00
8.706282884555864854e-01 4.110000133514404297e+00
8.712472918601051886e-01 4.114999771118164062e+00
8.727948003714020020e-01 4.119999885559082031e+00
8.734138037759208162e-01 4.125000000000000000e+00
8.743423088826988154e-01 4.130000114440917969e+00
8.755803156917363328e-01 4.135000228881835938e+00
8.765088207985144431e-01 4.139999866485595703e+00
8.771278242030331462e-01 4.144999980926513672e+00
8.777468276075518494e-01 4.150000095367431641e+00
8.796038378211080699e-01 4.155000209808349609e+00
8.802228412256267731e-01 4.159999847412109375e+00
8.814608480346641795e-01 4.164999961853027344e+00
8.823893531414422897e-01 4.170000076293945312e+00
8.833178582482204000e-01 4.175000190734863281e+00
8.842463633549983992e-01 4.179999828338623047e+00
8.848653667595172134e-01 4.184999942779541016e+00
8.864128752708140269e-01 4.190000057220458984e+00
8.876508820798514332e-01 4.195000171661376953e+00
8.885793871866295435e-01 4.199999809265136719e+00
8.891983905911482466e-01 4.204999923706054688e+00
8.901268956979263569e-01 4.210000038146972656e+00
8.907458991024450601e-01 4.215000152587890625e+00
8.919839059114824664e-01 4.219999790191650391e+00
8.929124110182605767e-01 4.224999904632568359e+00
8.938409161250386870e-01 4.230000019073486328e+00
8.950789229340760933e-01 4.235000133514404297e+00
8.956979263385949075e-01 4.239999771118164062e+00
8.969359331476323138e-01 4.244999885559082031e+00
8.975549365521510170e-01 4.250000000000000000e+00
8.987929433611885344e-01 4.255000114440917969e+00
8.991024450634478304e-01 4.260000228881835938e+00
9.000309501702259407e-01 4.264999866485595703e+00
9.012689569792633471e-01 4.269999980926513672e+00
9.025069637883008644e-01 4.275000095367431641e+00
9.034354688950789747e-01 4.280000209808349609e+00
9.046734757041163810e-01 4.284999847412109375e+00
9.056019808108944913e-01 4.289999961853027344e+00
9.062209842154131945e-01 4.295000076293945312e+00
9.068399876199318976e-01 4.300000190734863281e+00
9.077684927267100079e-01 4.304999828338623047e+00
9.083874961312287111e-01 4.309999942779541016e+00
9.099350046425255245e-01 4.315000057220458984e+00
9.108635097493036348e-01 4.320000171661376953e+00
9.121015165583410411e-01 4.324999809265136719e+00
9.124110182606004482e-01 4.329999923706054688e+00
9.133395233673785585e-01 4.335000038146972656e+00
9.142680284741565577e-01 4.340000152587890625e+00
9.151965335809346680e-01 4.344999790191650391e+00
9.158155369854533712e-01 4.349999904632568359e+00
9.167440420922314814e-01 4.355000019073486328e+00
9.173630454967501846e-01 4.360000133514404297e+00
9.189105540080469980e-01 4.364999771118164062e+00
9.195295574125658122e-01 4.369999885559082031e+00
9.204580625193438115e-01 4.375000000000000000e+00
9.216960693283813288e-01 4.380000114440917969e+00
9.223150727329000320e-01 4.385000228881835938e+00
9.232435778396781423e-01 4.389999866485595703e+00
9.238625812441968455e-01 4.394999980926513672e+00
9.244815846487155486e-01 4.400000095367431641e+00
9.251005880532342518e-01 4.405000209808349609e+00
9.257195914577530660e-01 4.409999847412109375e+00
9.269575982667904723e-01 4.414999961853027344e+00
9.278861033735685826e-01 4.420000076293945312e+00
9.285051067780872858e-01 4.425000190734863281e+00
9.291241101826059889e-01 4.429999828338623047e+00
9.306716186939028024e-01 4.434999942779541016e+00
9.309811203961622095e-01 4.440000057220458984e+00
9.322191272051996158e-01 4.445000171661376953e+00
9.331476323119777261e-01 4.449999809265136719e+00
9.334571340142371332e-01 4.454999923706054688e+00
9.340761374187558364e-01 4.460000038146972656e+00
9.356236459300526498e-01 4.465000152587890625e+00
9.359331476323119459e-01 4.469999790191650391e+00
9.368616527390900561e-01 4.474999904632568359e+00
9.380996595481274625e-01 4.480000019073486328e+00
9.384091612503868696e-01 4.485000133514404297e+00
9.387186629526462767e-01 4.489999771118164062e+00
9.396471680594242759e-01 4.494999885559082031e+00
9.405756731662023862e-01 4.500000000000000000e+00
9.408851748684617933e-01 4.505000114440917969e+00
9.418136799752399035e-01 4.510000228881835938e+00
9.433611884865367170e-01 4.514999866485595703e+00
9.442896935933147162e-01 4.519999980926513672e+00
9.449086969978335304e-01 4.525000095367431641e+00
9.455277004023522336e-01 4.530000209808349609e+00
9.464562055091303439e-01 4.534999847412109375e+00
9.467657072113896399e-01 4.539999961853027344e+00
9.480037140204271573e-01 4.545000076293945312e+00
9.483132157226864534e-01 4.550000190734863281e+00
9.489322191272051565e-01 4.554999828338623047e+00
9.495512225317239707e-01 4.559999942779541016e+00
9.501702259362426739e-01 4.565000057220458984e+00
9.514082327452800802e-01 4.570000171661376953e+00
9.517177344475394873e-01 4.574999809265136719e+00
9.526462395543175976e-01 4.579999923706054688e+00
9.529557412565768937e-01 4.585000038146972656e+00
9.538842463633550040e-01 4.590000152587890625e+00
9.541937480656144110e-01 4.594999790191650391e+00
9.557412565769112245e-01 4.599999904632568359e+00
9.560507582791705206e-01 4.605000019073486328e+00
9.572887650882080379e-01 4.610000133514404297e+00
9.572887650882080379e-01 4.614999771118164062e+00
9.588362735995048514e-01 4.619999885559082031e+00
9.588362735995048514e-01 4.625000000000000000e+00
9.597647787062828506e-01 4.630000114440917969e+00
9.600742804085422577e-01 4.635000228881835938e+00
9.613122872175796640e-01 4.639999866485595703e+00
9.616217889198390711e-01 4.644999980926513672e+00
9.619312906220983672e-01 4.650000095367431641e+00
9.628597957288764775e-01 4.655000209808349609e+00
9.631692974311358846e-01 4.659999847412109375e+00
9.644073042401732909e-01 4.664999961853027344e+00
9.647168059424326980e-01 4.670000076293945312e+00
9.656453110492108083e-01 4.675000190734863281e+00
9.656453110492108083e-01 4.679999828338623047e+00
9.671928195605076217e-01 4.684999942779541016e+00
9.671928195605076217e-01 4.690000057220458984e+00
9.681213246672856210e-01 4.695000171661376953e+00
9.687403280718044352e-01 4.699999809265136719e+00
9.696688331785824344e-01 4.704999923706054688e+00
9.699783348808418415e-01 4.710000038146972656e+00
9.709068399876199518e-01 4.715000152587890625e+00
9.718353450943980620e-01 4.719999790191650391e+00
9.724543484989167652e-01 4.724999904632568359e+00
9.727638502011760613e-01 4.730000019073486328e+00
9.733828536056948755e-01 4.735000133514404297e+00
9.733828536056948755e-01 4.739999771118164062e+00
9.752398638192509850e-01 4.744999885559082031e+00
9.752398638192509850e-01 4.750000000000000000e+00
9.758588672237696882e-01 4.755000114440917969e+00
9.764778706282885024e-01 4.760000228881835938e+00
9.770968740328072055e-01 4.764999866485595703e+00
9.777158774373259087e-01 4.769999980926513672e+00
9.780253791395853158e-01 4.775000095367431641e+00
9.789538842463633150e-01 4.780000209808349609e+00
9.789538842463633150e-01 4.784999847412109375e+00
9.798823893531414253e-01 4.789999961853027344e+00
9.805013927576601285e-01 4.795000076293945312e+00
9.811203961621789427e-01 4.800000190734863281e+00
9.814298978644382387e-01 4.804999828338623047e+00
9.820489012689569419e-01 4.809999942779541016e+00
9.832869080779944593e-01 4.815000057220458984e+00
9.832869080779944593e-01 4.820000171661376953e+00
9.839059114825131624e-01 4.824999809265136719e+00
9.848344165892912727e-01 4.829999923706054688e+00
9.851439182915505688e-01 4.835000038146972656e+00
9.857629216960693830e-01 4.840000152587890625e+00
9.863819251005880862e-01 4.844999790191650391e+00
9.870009285051067893e-01 4.849999904632568359e+00
9.870009285051067893e-01 4.855000019073486328e+00
9.876199319096254925e-01 4.860000133514404297e+00
9.879294336118848996e-01 4.864999771118164062e+00
9.879294336118848996e-01 4.869999885559082031e+00
9.885484370164036028e-01 4.875000000000000000e+00
9.891674404209223059e-01 4.880000114440917969e+00
9.900959455277004162e-01 4.885000228881835938e+00
9.904054472299597123e-01 4.889999866485595703e+00
9.907149489322191194e-01 4.894999980926513672e+00
9.907149489322191194e-01 4.900000095367431641e+00
9.919529557412565257e-01 4.905000209808349609e+00
9.925719591457753399e-01 4.909999847412109375e+00
9.928814608480346360e-01 4.914999961853027344e+00
9.931909625502940431e-01 4.920000076293945312e+00
9.935004642525533392e-01 4.925000190734863281e+00
9.941194676570721533e-01 4.929999828338623047e+00
9.947384710615908565e-01 4.934999942779541016e+00
9.950479727638501526e-01 4.940000057220458984e+00
9.956669761683689668e-01 4.945000171661376953e+00
9.962859795728876700e-01 4.949999809265136719e+00
9.956669761683689668e-01 4.954999923706054688e+00
9.965954812751469660e-01 4.960000038146972656e+00
9.972144846796657802e-01 4.965000152587890625e+00
9.978334880841844834e-01 4.969999790191650391e+00
9.975239863819250763e-01 4.974999904632568359e+00
9.984524914887031866e-01 4.980000019073486328e+00
9.993809965954812968e-01 4.985000133514404297e+00
9.993809965954812968e-01 4.989999771118164062e+00
1.000000000000000000e+00 4.994999885559082031e+00
1.000000000000000000e+00 5.000000000000000000e+00
